_________ : 17 18 1 154 29 274 1 390240 1
________O : 1 1 1 1 1 1 1 1 1
_______OO : 66 68 71 100 69 65 100 1 1
_______XO : 2 16 985 20 1 19 1 1 1
_____O_XO : 2 5 22 11 20 1 27 1 1
_____OX_O : 4 3 6 3 11 1 1 31 1
_____OXXO : 100 29 100 100 99 1 2 2 2
_____XO_O : 48 4 27 17 62 1 1 50 1
____O___X : 76 39 72 78 1 69 44 15 1
____O_OXX : 77 78 100 75 1 75 1 1 1
____O_XOX : 77 75 75 100 1 99 1 1 1
____OXOXO : 80 99 100 60 1 1 1 1 1
____OXX_O : 316 100 100 67 3 1 2 75 1
____OXXO_ : 75 100 100 99 1 1 1 1 100
____OXXOO : 80 80 101 63 1 1 1 1 1
____X___O : 132 100 61 63 1 167 65 100 2
____X__OO : 1 63 82 49 1 39 8 1 1
___O_X___ : 103317 2445 195250 1 1 1 3827 71155 1
___O_X_XO : 463 126 44 1 507 1 183 1 1
___O_XX_O : 887 99 28 2 300 1 1 84 1
___OOXXXO : 185 84 52 1 1 1 2 1 1
___OXX__O : 73 100 74 1 1 1 100 150 1
___OXXO__ : 77 101 73 1 1 1 1 100 77
___XOX__O : 100 51 100 1 1 1 100 100 1
__O___X_O : 66 53 1 58 14 9 1 19 1
__O_X_X_O : 50 99 1 73 1 147 2 100 1
__O_X_XOO : 63 80 1 63 1 101 1 1 2
__OO_X__X : 43 65 1 1 29 1 6134 25 1
__OO_X_X_ : 1 354 1 1 117 1 594 1 100
__OO_XOXX : 85 86 1 1 100 1 1 1 2
__OO_XX__ : 1805 487 1 1 1 1 1 396 201
__OO_XXOX : 633 1846 1 2 2795 1 1 1 1
__OO_XXXO : 144 133 1 1 366 1 1 1 1
__OOXXX_O : 136 132 1 1 1 2 1 130 2
__OX____O : 27 30 1 1 58 32 65 74 1
__OX___XO : 100 100 1 1 51 100 100 1 1
__OX_OOX_ : 100 100 1 1 100 1 1 1 80
__OXOX__O : 102 80 2 1 1 1 81 80 1
__X_O_XO_ : 100 100 1 75 1 100 1 1 100
__X_O_XOO : 82 83 1 81 1 44 1 1 2
__XO_XO_O : 99 80 1 3 101 1 1 100 1
__XOO__X_ : 76 100 2 1 1 101 101 1 100
__XOOXX_O : 154 69 1 1 2 1 2 54 1
__XOXXO_O : 68 100 1 1 1 1 1 87 1
__XX__O_O : 76 74 1 1 77 100 1 100 1
__XXOO_OX : 100 100 1 2 2 1 86 2 1
__XXOOO_X : 608 1834 1 1 1 1 1 1492 1
__XXOOOX_ : 197 203 1 2 1 1 1 1 244
__XXXOO_O : 56 85 1 1 1 1 1 100 1
_O_OXX_XO : 140 1 198 1 1 1 247 2 1
_O_OXXOX_ : 158 1 84 1 2 1 1 1 68
_O_XOX_XO : 271 2 63 1 1 2 100 1 1
_OOOXXXXO : 349 1 1 1 1 1 1 2 1
_OOX___XO : 100 1 1 1 100 99 81 1 1
_OOX__OXX : 100 1 1 1 86 70 1 1 1
_OXXO__XO : 100 1 1 1 1 85 85 1 1
_OXXOOOXX : 454 1 1 15 1 1 1 1 1
_OXXOXOXO : 239 1 2 1 1 1 1 1 1
_OXXXOOXO : 146 1 1 1 1 2 1 1 1
O_O__XX_O : 1 100 1 62 81 1 1 82 1
O_OO_XXXO : 0 90 0 0 100 1 1 1 0
O_OOXXXOX : 3 467 1 1 1 2 1 1 1
O_XXOOOXX : 1 464 1 2 1 1 1 1 1
O_XXOOXOX : 1 264 1 2 1 2 1 2 1
O_XXXOOOX : 1 110 1 1 1 1 1 1 0
OOXX_OOXX : 1 1 1 1 242 1 23 1 1
