_________ : 1 3821 13 224 1 1 1 1093 1
________O : 1 1 1 1 1 1 1 1 1
_______OO : 100 100 33 101 101 100 66 1 1
_______XO : 1 1 965 37 2893 30 37 1 1
_____O_XO : 21 1 32 26 58 1 30 1 1
_____OX_O : 33 29 21 26 39 1 1 50 1
_____OXXO : 100 100 75 99 100 1 1 1 1
_____XO_O : 29 51 58 61 49 2 1 54 1
____O___X : 35 86 59 78 1 38 33 18 1
____O_OOX : 100 100 75 100 0 100 0 0 1
____O_OXX : 55 78 100 74 2 77 1 1 1
____O_XOX : 100 99 54 55 1 77 1 1 1
____OX_XO : 98 100 100 101 2 1 73 1 1
____OXOXO : 59 100 100 100 1 1 1 1 1
____OXX_O : 873 65 72 45 1 1 1 100 1
____OXXOO : 82 100 81 60 1 2 1 1 1
____X___O : 100 63 39 65 1 103 65 100 1
____X__OO : 18 64 32 68 2 25 24 1 1
___O_X___ : 141 877 65 2 1 1 503 155 1
___O_X_XO : 148 72 75 1 152 1 72 1 1
___O_XX_O : 184 169 16 1 352 1 1 111 1
___OOXXXO : 130 67 100 1 1 1 1 1 1
___OXX__O : 1944 61 72 1 1 1 324 100 1
___OXXO__ : 77 99 54 1 1 1 1 75 79
___XOX__O : 100 100 76 1 1 1 76 77 1
__O___X_O : 75 51 1 58 49 79 1 25 1
__O___XXO : 75 100 1 100 100 100 1 1 1
__O_OXX__ : 99 101 1 100 1 2 1 75 100
__O_OXXXO : 100 100 1 85 1 2 1 1 1
__O_X_X_O : 100 100 1 28 1 100 1 100 1
__O_X_XOO : 61 100 1 79 1 101 1 2 1
__OO_X__X : 76 79 1 1 75 1 99 78 1
__OO_X_X_ : 132 101 1 1 116 1 515 1 100
__OO_XOXX : 100 100 1 1 85 1 1 0 1
__OO_XX__ : 99 100 1 1 71 1 1 150 101
__OO_XXXO : 140 181 1 1 263 1 1 1 1
__OOXXX_O : 355 417 1 1 1 87 1 1161 1
__OX____O : 31 80 1 1 35 45 31 65 1
__OX___XO : 100 100 1 1 75 100 75 1 1
__OX_OO_X : 80 100 1 1 100 1 1 100 1
__OXOX__O : 80 100 1 1 1 1 80 100 1
__X_O_XO_ : 100 101 1 51 1 100 1 1 100
__X_O_XOO : 81 99 1 81 1 62 1 1 1
__X_OOXXO : 100 85 0 100 1 1 1 1 1
__XOO__X_ : 100 77 1 1 1 75 100 1 76
__XOOX_XO : 100 85 1 2 1 1 100 1 2
__XOOXX_O : 100 71 1 1 1 1 1 85 1
__XOXXO_O : 85 85 1 1 1 1 1 100 1
__XX__O_O : 99 99 1 1 75 76 1 100 1
__XXO_OXO : 130 83 1 1 1 84 1 1 1
__XXOOO_X : 224 311 1 1 1 1 1 407 1
__XXOOOX_ : 100 130 1 1 1 1 1 1 100
__XXXOO_O : 85 86 1 1 1 1 1 100 1
__XXXOOO_ : 101 100 1 2 1 1 1 1 163
_O_OXX_XO : 99 1 130 1 1 1 100 1 1
_O_OXXOX_ : 130 1 67 1 1 2 1 1 100
_O_XOX_XO : 100 1 85 1 1 1 101 1 1
_OOOXXX_O : 120 0 1 0 0 1 1 100 1
_OOOXXXXO : 565 1 1 1 2 1 1 1 1
_OOX__OXX : 100 1 0 1 70 100 1 1 1
_OXXO__XO : 163 1 1 1 1 100 81 1 1
_OXXOOOXX : 110 1 1 1 1 1 1 1 1
_OXXOXOXO : 134 1 1 1 2 1 1 1 1
_OXXXOOXO : 163 1 1 2 1 1 1 1 1
O_O__XX_O : 1 100 1 100 100 1 1 80 1
O_XXOOOXX : 1 348 1 1 1 1 1 1 1
O_XXOOXOX : 1 121 1 1 1 0 1 1 0
O_XXXOOOX : 1 149 1 1 1 1 1 1 1
OOXX_OOXX : 1 1 0 1 110 1 1 1 1
