_________ : 17 1319 2 741 1 2 1 109 6
________O : 2 1 1 1 1 1 1 1 1
_______OO : 100 100 66 100 100 68 65 1 1
_______XO : 1 1 1 1 4338 1 4 1 1
_____O_XO : 43 35 51 49 17 1 25 1 1
_____OX_O : 1 20 41 8 24 1 1 39 2
_____OXXO : 100 100 100 76 52 1 1 1 1
_____XO_O : 46 79 75 46 77 1 1 71 1
____O___X : 74 44 49 59 1 9 87 46 1
____O_OOX : 100 100 100 75 1 100 0 1 1
____O_OXX : 100 51 100 77 1 57 1 1 1
____O_XOX : 100 120 75 76 1 75 1 1 1
____OX_XO : 196 74 47 75 1 1 74 1 1
____OXOXO : 100 100 81 100 1 1 2 1 1
____OXX_O : 100 100 76 100 1 1 1 75 1
____OXXO_ : 100 120 75 75 2 1 1 1 100
____OXXOO : 61 100 100 80 1 2 2 1 1
____X___O : 100 68 101 32 1 100 100 100 1
____X__OO : 43 50 75 48 1 57 118 1 1
___O_X___ : 224 28 65 1 67 1 132 100 59
___O_XX_O : 145 99 76 1 100 1 1 72 1
___OOXXXO : 100 85 100 1 1 1 1 1 1
___OXX__O : 17 66 11 2 1 1 1024 5571 1
___OXXO__ : 78 75 76 1 1 1 2 100 77
___XOX__O : 100 77 100 1 1 1 51 100 1
__O___X_O : 51 81 1 74 37 41 1 36 1
__O_OXX__ : 100 100 1 76 1 1 1 100 75
__O_OXXOX : 100 100 1 84 2 1 1 1 1
__O_X_XOO : 78 99 1 100 1 140 1 1 0
__OO_X__X : 76 75 1 1 100 1 100 100 1
__OO_X_X_ : 75 100 1 1 76 1 100 1 100
__OO_XX__ : 100 205 1 1 100 1 1 100 100
__OOXXX_O : 100 208 1 1 1 1 2 151 1
__OOXXXOO : 100 120 0 1 1 1 1 1 1
__OX____O : 31 54 1 1 81 14 79 28 1
__OX___XO : 99 100 1 1 76 75 77 1 2
__OXOX__O : 80 81 1 1 2 1 80 83 1
__OXOX_XO : 100 100 1 1 1 1 85 1 1
__X_O_XO_ : 99 100 1 75 1 101 1 1 100
__X_O_XOO : 81 62 1 63 1 100 1 1 1
__XOO__X_ : 100 100 1 1 1 101 75 1 101
__XOOXX_O : 100 70 1 1 1 1 1 100 1
__XOXXO_O : 85 85 1 1 1 1 1 101 1
__XX__O_O : 100 48 1 1 48 77 1 150 1
__XXO_OXO : 199 100 1 1 1 100 1 1 1
__XXOO_OX : 85 100 1 2 1 1 100 1 1
__XXOOO_X : 130 100 1 1 1 1 1 133 1
__XXOOOX_ : 130 100 1 1 1 1 1 1 133
__XXOXO_O : 85 100 1 1 1 1 1 100 1
__XXXOO_O : 85 100 1 0 1 1 0 100 0
__XXXOOO_ : 100 85 1 1 0 1 1 1 100
_O_OXX_XO : 1448 1 100 1 1 1 1703 1 1
_O_OXXOX_ : 101 1 85 1 1 1 1 1 85
_OOOXXXXO : 425 1 1 1 1 1 1 1 1
_OOX__OXX : 100 1 1 1 85 100 1 1 1
_OXXO__XO : 155 1 1 1 1 84 54 1 1
_OXXOOOXX : 132 1 1 1 1 1 1 1 1
_OXXXOOXO : 429 1 2 1 2 1 1 2 2
O_O__XX_O : 1 100 1 100 60 1 1 100 1
O_XXOOOXX : 1 161 0 1 1 1 1 2 1
O_XXOOXOX : 1 110 1 1 1 1 1 1 1
