_________ : 10 180 1 26 722 1 3 317 1
________O : 1 2 1 4 1 1 2 1 1
_______XO : 26 38 35 63 394 66 42 1 1
_____O_XO : 15 38 41 48 23 1 67 1 1
_____OX_O : 18 33 11 46 38 1 1 40 1
_____OXXO : 75 99 101 100 100 1 1 1 1
_____XO_O : 76 44 29 78 99 1 1 47 1
____O___X : 61 35 51 53 1 25 65 33 1
____O_OXX : 80 32 100 76 1 77 1 1 1
____O_XOX : 76 99 76 100 1 75 1 1 1
____OX_XO : 100 100 100 99 1 1 75 1 1
____OXOXO : 100 80 80 100 1 0 1 1 1
____OXX_O : 100 100 75 77 1 1 1 100 1
____OXXOO : 100 101 81 60 1 1 1 2 1
____X___O : 32 5 299 68 1 443 240 166 1
____X__OO : 100 68 100 43 1 74 100 1 1
___O_X___ : 134 395 1 1 68 1 440 1 158
___O_X_XO : 100 100 75 1 100 0 100 1 1
___O_XX_O : 324 65 95 1 166 1 1 68 2
___OOXXXO : 100 85 100 1 0 0 0 1 1
___OXX__O : 320 128 47 1 1 1 463 388 1
___OXXO__ : 76 100 54 1 1 1 1 99 75
___XOX__O : 76 101 100 1 1 1 75 100 1
__O___X_O : 76 70 1 71 47 79 1 51 1
__O___XXO : 100 75 1 101 100 100 1 1 1
__O_OXX__ : 100 76 1 100 2 1 1 100 101
__O_X_X_O : 75 101 1 75 1 303 1 73 1
__OO_X__X : 75 76 0 1 100 1 145 75 1
__OO_X_X_ : 155 100 1 1 212 1 160 1 31
__OO_XOXX : 85 100 1 1 71 1 1 1 1
__OO_XX__ : 147 100 1 1 75 1 1 100 100
__OO_XXOX : 100 101 0 1 130 1 1 1 1
__OO_XXXO : 130 100 0 1 100 0 1 0 1
__OOXXX_O : 295 461 1 0 1 1 1 100 1
__OX____O : 44 50 1 1 47 57 76 46 1
__OX___XO : 100 100 1 0 100 100 75 1 1
__OX_OOX_ : 100 80 0 0 100 0 0 0 100
__OXOX__O : 80 80 1 1 1 1 100 100 1
__X_O_XO_ : 100 100 1 76 1 75 1 1 100
__X_O_XOO : 80 81 1 79 1 65 1 1 2
__XOO__X_ : 75 100 1 1 1 101 99 1 100
__XOOXX_O : 129 69 1 1 1 1 1 84 1
__XOXXO_O : 100 100 1 1 1 1 1 70 1
__XX__O_O : 76 100 1 1 101 100 0 75 0
__XXO_OXO : 100 85 1 1 1 85 1 1 1
__XXOOO_X : 163 136 1 1 1 1 1 184 1
__XXOXO_O : 100 100 1 1 2 1 1 85 1
__XXXOO_O : 70 99 2 1 1 1 1 100 1
__XXXOOO_ : 100 100 0 1 1 1 1 1 130
_O_OXX_XO : 210 1 100 2 1 0 130 0 1
_O_OXXOX_ : 193 1 99 2 1 1 1 1 85
_OOOXXXXO : 111 1 1 1 1 1 1 1 1
_OOX__OXX : 86 1 1 0 85 100 1 1 1
_OXXO__XO : 130 1 1 1 1 100 100 1 1
_OXXOOOXX : 121 1 1 1 1 1 1 1 1
_OXXXOOXO : 316 1 1 1 1 1 1 1 1
O_O__XX_O : 0 100 0 80 100 1 0 100 0
O_OOXXXOX : 1 110 1 1 0 1 1 1 1
O_XXOOOXX : 1 121 1 1 1 1 1 1 1
O_XXOOXOX : 1 133 1 1 1 1 1 1 1
O_XXXOOOX : 1 178 1 1 1 0 1 1 1
OOXX_OOXX : 1 1 0 1 110 0 0 1 2
