_________ : 11 14 14 16 163 8 1 286 1
________O : 12 1 15 2 1 1 1 3 1
_______OO : 64 100 100 100 100 66 68 1 1
_______XO : 34 100 40 69 76 57 17 1 1
_____O_XO : 55 79 48 57 45 1 72 1 1
_____OX_O : 55 28 24 55 11 1 1 47 1
_____OXXO : 100 75 76 100 100 1 1 0 1
_____XO_O : 51 100 71 46 72 2 2 75 1
____O___X : 33 101 31 30 1 100 20 42 1
____O_OOX : 100 100 75 100 0 100 0 0 0
____O_OXX : 76 75 100 100 1 100 1 1 1
____O_XOX : 100 100 78 51 1 56 1 1 0
____OX_XO : 75 100 77 100 1 0 100 1 1
____OXOXO : 100 100 80 100 1 1 1 1 1
____OXX_O : 100 75 100 101 1 1 1 76 1
____OXXO_ : 100 100 100 75 1 1 1 1 100
____OXXOO : 100 80 100 80 1 1 1 1 1
____X___O : 22 24 64 63 1 407 64 130 1
____X__OO : 45 100 75 70 1 72 100 1 1
___O_X___ : 950 100 3 1 30 1 33 67 62
___O_X_XO : 100 100 100 1 100 1 75 1 1
___O_XX_O : 100 100 51 1 100 1 1 100 1
___OOXXXO : 100 85 100 1 1 1 1 1 1
___OXX__O : 40 100 66 1 1 1 396 154 1
___OXXO__ : 100 53 79 1 1 1 1 78 75
__O___X_O : 71 70 1 32 75 56 1 51 1
__O___XXO : 100 75 1 100 100 101 1 1 1
__O_X_X_O : 75 54 1 77 1 100 1 101 1
__OO_X__X : 78 75 1 1 54 1 100 100 1
__OO_XX__ : 499 356 0 1 229 2 1 166 173
__OO_XXOX : 100 99 1 0 130 1 1 0 1
__OO_XXXO : 130 100 1 1 100 1 1 1 1
__OOXXX_O : 184 169 1 1 1 1 1 130 1
__OX____O : 46 44 1 1 72 101 100 99 1
__OX___XO : 100 100 1 1 75 99 100 1 0
__X_O_XO_ : 75 77 1 100 1 100 1 1 76
__X_O_XOO : 43 79 1 100 1 100 1 1 1
__X_OOXXO : 100 100 1 85 1 0 1 1 1
__XOO__X_ : 100 100 1 1 1 100 76 1 75
__XOOXX_O : 100 71 1 1 1 1 1 72 0
__XOXXO_O : 85 71 1 1 1 1 0 100 1
__XX__O_O : 76 75 1 1 99 100 2 100 1
__XXO_OXO : 100 100 1 0 1 85 1 0 0
__XXOOO_X : 206 177 1 1 1 1 1 100 1
__XXOOOX_ : 170 100 1 1 1 1 2 1 130
__XXXOO_O : 100 100 0 0 0 0 0 130 0
__XXXOOO_ : 84 85 1 1 1 1 1 1 100
_O_OXX_XO : 130 0 100 1 1 1 100 1 0
_OOOXXXXO : 110 1 1 1 1 1 1 1 1
_OOX__OXX : 100 1 1 1 85 100 1 1 1
_OXXOOOXX : 133 1 1 1 1 1 1 1 1
_OXXXOOXO : 147 1 1 1 0 1 1 1 1
O_O__XX_O : 1 100 1 100 60 0 0 100 1
O_OOXXXOX : 1 110 0 0 0 0 1 1 1
O_XXOOOXX : 0 120 1 1 1 0 0 1 1
O_XXOOXOX : 0 133 1 1 1 1 1 1 0
O_XXXOOOX : 1 121 1 1 0 0 1 0 0
OOXX_OOXX : 1 1 1 1 110 0 1 1 1
